211.3729716
348.4318816
476.5268416
577.5745216
740.6378516
926.7171616
1039.8012216
1096.8226816
1193.8754416
1308.9023816
1411.9115716
1510.9799816
1642.0204716
1771.0630616
1868.1158216
1971.1250116
2028.1464716
2099.1835816
2186.2156116
2285.2840216
2398.3680816
2527.4106716
2674.4790816
2771.5318416
2900.5744316
3014.6173616
3127.7014216
3214.7334516
3327.8175116
3414.8495416
3551.9084516
3648.9612116
3835.0405216
3906.0776316
4035.1202216
4182.1886316
4345.2519616
4442.3047216
4543.3524016
4658.3793416
4771.4634016
4872.5110816
4973.5587616
5072.6271716
5143.6642816
5244.7119616
5357.7960216
5414.8174816
5471.8389416
5657.9182516
5772.9451916
5901.9877816
6004.9969716
6120.0239116
6306.1032216
6492.1825316
6655.2458616
6783.3408216
6914.3813116
7043.4239016
7180.4828116
7343.5461416
7480.6050516
7551.6421616
7714.7054916
7845.7459816
7942.7987416
8071.8413316
8158.8733616
8295.9322716
8443.0006816
8572.0432716
8643.0803816
8758.1073216
8889.1478116
8946.1692716
9033.2013016
9161.2598816
9232.2969916
9319.3290216
9447.3876016
9576.4301916
