* 3 * 10 * 8 * 2 * 5 4 * 7 * 1 * 6 * 9 *

* 3 * 10 * 8 * 2 * 4 5 * 7 * 1 * 6 * 9 *

1 2 3 4 5 6 7 8 9 10
---
2 1 3 4 5 6 7 8 9 10
-----
3 1 2 4 5 6 7 8 9 10
    ---
3 1 4 2 5 6 7 8 9 10
    -----
3 1 5 2 4 6 7 8 9 10
        ---
3 1 5 2 6 4 7 8 9 10
        -----
3 1 5 2 7 4 6 8 9 10
            ---
3 1 5 2 7 4 8 6 9 10
            -----
3 1 5 2 7 4 9 6 8 10
                ----
3 1 5 2 7 4 9 6 10 8

(0, 1), (0, 2), (2, 3), (2, 4), (4, 5), (4, 6), (6, 7), (6, 8), (8, 9)


Duplicate found at pos 1149 : (8, [(0, 1), (0, 7), (2, 7), (1, 6)], [10, 3, 6, 1, 2, 4, 5, 8, 7, 9])
Newstate:  (7, [(0, 1), (5, 7), (0, 5)], [10, 3, 6, 1, 2, 4, 5, 8, 7, 9])

2 4 1 6 3 8 5 10 7 9
---
4 2 1 6 3 8 5 10 7 9
----------------
10 5 8 3 6 1 2 4 7 9
     -----------
10 5 4 2 1 6 3 8 7 9
   -----------
10 3 6 1 2 4 5 8 7 9


2 4 1 6 3 8 5 10 7 9
---
4 2 1 6 3 8 5 10 7 9
          ------
4 2 1 6 3 10 5 8 7 9
------------
10 3 6 1 2 4 5 8 7 9 