962
423 439
766 720
115 266
320 446
286 360
168 516
456 336
465 700
188 6
40 454
162 41
267 225
24 366
536 618
19 67
277 850
186 874
802 393
390 460
222 56
84 475
504 665
333 278
218 146
244 72
296 671
175 185
912 200
834 876
877 622
211 804
258 220
561 690
487 413
557 94
125 789
12 94
252 281
772 143
465 855
154 951
206 32
215 137
252 762
17 53
566 10
387 676
238 177
55 9
620 441
410 287
20 735
183 139
9 99
283 435
31 32
30 114
574 573
311 413
790 884
67 349
869 313
693 181
444 576
39 87
758 780
817 818
939 340
354 209
76 103
454 732
522 593
6 156
604 77
756 326
62 532
373 57
165 775
41 796
709 46
380 781
57 81
923 19
225 144
401 305
284 38
289 312
126 194
101 464
807 292
41 82
194 862
286 20
118 288
382 152
235 559
156 322
771 354
30 15
399 15
723 597
930 274
445 263
826 6
75 44
1 384
742 564
5 23
505 689
146 260
5 462
703 957
167 252
207 162
815 38
445 531
353 425
188 228
359 259
167 227
602 686
76 393
246 177
423 267
148 708
64 537
453 81
52 32
191 155
138 120
770 961
72 310
387 186
139 485
170 830
251 59
285 623
68 364
270 648
94 570
699 241
186 210
311 54
153 482
19 223
2 165
746 207
643 103
453 578
827 323
32 79
581 30
144 184
242 799
315 75
396 275
254 794
86 91
941 796
597 446
226 275
122 408
909 744
875 313
371 344
320 492
170 365
447 333
843 630
719 599
20 217
189 918
603 557
40 2
839 158
525 463
193 299
121 529
421 311
1 3
172 587
679 93
374 438
23 352
860 556
383 511
50 889
19 20
151 41
65 48
170 27
899 638
105 543
189 110
201 253
240 22
365 533
452 58
5 255
370 374
828 563
720 767
821 611
904 526
5 132
309 479
116 18
426 901
205 337
530 655
610 895
87 179
62 7
75 83
457 744
927 868
77 298
35 743
528 542
661 594
319 864
242 65
22 21
123 107
300 330
677 34
152 122
894 418
22 27
493 373
691 675
140 133
648 890
819 613
900 21
141 126
837 319
63 86
51 716
508 400
592 750
2 787
32 90
646 704
62 302
121 437
111 103
930 942
248 291
865 805
43 164
180 627
420 405
464 678
338 372
160 774
334 514
370 286
836 534
831 154
321 907
90 670
72 168
432 125
872 943
7 24
42 8
205 793
605 162
344 288
6 404
362 483
962 956
455 147
490 412
897 447
346 841
120 749
614 86
19 122
708 925
596 602
398 541
128 647
94 695
540 481
167 133
378 59
706 230
125 738
34 481
361 633
588 473
90 115
730 411
304 25
285 335
560 101
810 910
377 795
474 721
547 123
348 188
617 609
64 20
40 265
270 558
99 163
299 660
72 53
292 255
747 356
431 125
755 108
577 590
502 104
111 436
47 634
631 25
664 358
2 93
384 948
314 624
471 377
14 109
896 412
417 282
589 958
250 341
102 6
30 148
333 628
427 580
323 88
684 271
141 731
81 553
681 214
563 141
556 816
116 178
801 643
426 366
316 107
932 791
120 254
626 601
687 613
1 70
506 651
753 805
35 49
97 187
338 501
62 128
412 293
856 129
425 509
133 68
406 270
443 270
173 748
96 636
467 212
589 187
844 596
512 310
407 355
856 950
668 634
326 145
96 209
341 915
277 40
347 491
17 54
496 683
263 41
262 256
11 551
276 760
457 391
135 86
782 384
26 18
16 28
289 172
144 510
102 635
5 2
307 295
903 776
125 80
28 321
568 549
330 381
21 12
13 823
350 109
9 18
556 354
379 264
77 52
465 179
4 47
548 607
14 169
301 842
57 369
851 287
787 791
604 945
320 112
506 338
153 63
38 127
947 813
250 428
53 73
737 164
11 38
169 879
876 905
499 158
180 136
707 122
717 324
338 144
645 375
332 402
506 858
675 952
177 63
24 29
466 372
933 953
880 473
250 46
496 759
21 58
411 548
313 217
334 31
172 105
773 604
954 417
814 383
90 653
118 61
427 518
526 444
88 23
928 168
216 209
487 513
898 207
754 321
176 79
178 473
714 234
220 131
486 688
556 579
544 405
311 355
2 10
806 485
640 424
10 822
817 553
199 937
577 960
244 285
630 115
13 17
264 397
8 84
469 174
98 34
752 91
500 777
108 926
122 201
81 758
149 80
114 418
57 10
753 664
546 272
190 214
140 956
463 32
108 119
4 25
56 5
391 395
882 630
146 27
16 571
778 252
303 273
171 328
711 687
472 368
558 705
480 592
5 15
920 825
31 11
195 127
486 12
314 728
800 181
8 231
160 15
596 334
49 308
69 49
478 82
37 318
118 204
244 414
273 194
500 861
2 113
715 812
339 313
8 13
784 200
567 320
254 295
586 393
535 906
21 121
60 2
422 167
505 223
212 82
385 245
96 85
206 415
585 280
34 22
155 698
221 833
726 261
202 259
554 733
294 73
654 184
295 657
62 63
411 281
426 853
148 383
72 80
26 112
617 641
900 936
126 8
290 185
48 134
283 32
689 854
366 776
403 656
269 253
228 811
19 287
916 524
76 297
48 34
186 496
873 641
615 446
681 908
790 545
517 309
388 303
179 197
234 913
380 147
713 262
114 697
234 99
187 208
808 458
887 98
461 348
318 538
4 11
798 148
914 670
225 573
456 569
536 210
649 736
495 382
768 709
665 846
394 29
451 701
379 398
327 859
606 562
441 829
108 82
519 152
218 608
572 162
581 680
657 863
95 236
375 58
552 414
158 166
741 117
522 662
498 632
189 198
885 693
504 191
146 419
123 129
219 144
296 211
613 213
680 765
441 92
374 610
834 140
878 632
363 292
475 946
565 924
361 658
52 131
1 2
722 602
453 629
36 85
104 523
390 231
44 611
214 367
498 375
614 724
2 6
247 76
44 29
76 22
797 215
376 303
852 888
541 959
577 281
269 276
240 357
52 870
154 515
650 221
201 327
231 314
53 137
87 342
824 35
832 911
459 46
316 329
158 120
712 487
845 811
792 45
100 448
416 227
120 115
205 847
893 818
225 451
521 324
562 374
917 911
565 317
883 846
35 539
74 810
616 271
530 47
442 371
37 10
368 507
195 392
9 12
353 69
8 257
386 500
340 160
107 32
307 347
769 365
38 881
315 764
51 300
142 171
245 75
214 444
601 133
734 97
39 203
494 486
452 561
740 238
88 279
7 35
142 729
67 78
274 236
725 607
221 21
644 201
403 230
175 72
356 93
324 137
840 395
271 145
319 156
68 1
45 12
50 1
40 205
211 450
391 583
30 933
224 102
31 41
37 249
242 243
696 209
385 564
575 377
922 70
377 196
86 332
827 934
24 66
336 458
868 541
594 309
770 278
757 75
559 921
646 177
57 147
666 402
637 277
348 358
193 229
89 73
9 101
591 439
117 66
46 31
508 838
867 350
341 449
12 16
9 6
174 139
28 110
261 179
4 2
361 218
671 788
549 715
80 200
6 51
554 290
535 19
108 143
344 427
476 326
727 31
92 88
230 145
306 64
763 141
1 270
262 672
541 674
758 813
193 36
293 151
665 745
44 202
126 582
234 528
36 30
11 106
139 48
96 871
205 468
852 68
368 334
268 183
135 886
154 79
955 497
235 85
673 282
949 440
703 262
524 600
167 527
409 156
33 155
222 480
779 261
159 82
139 272
187 642
74 45
630 835
241 73
237 336
857 343
663 504
59 97
157 45
389 82
2 59
496 497
36 145
93 280
549 638
482 639
88 150
503 28
157 161
388 488
321 429
264 127
22 682
108 866
345 317
144 16
202 211
136 5
5 7
543 622
376 940
310 659
299 652
555 532
866 929
694 521
190 149
9 182
545 55
494 621
22 181
19 95
85 213
720 424
520 28
205 692
229 522
619 537
328 434
34 305
21 33
115 142
849 160
74 282
931 587
193 400
832 623
82 130
235 549
944 829
474 355
52 685
333 599
493 702
612 309
820 554
809 564
311 343
325 47
30 105
289 550
34 786
51 248
1 39
19 6
935 632
712 718
458 524
667 19
477 30
761 125
362 107
225 470
31 346
242 848
424 20
297 595
171 649
785 52
302 331
919 356
344 534
278 102
50 598
386 151
891 773
26 196
71 186
388 783
30 43
39 351
440 938
739 303
233 5
239 237
484 237
